,seq_len,image_path,pose
455,7,"['/home/mononoke/GitUploads/depth_and_yolov5/final_results/2channel_PIL/00/002283.png', '/home/mononoke/GitUploads/depth_and_yolov5/final_results/2channel_PIL/00/002284.png', '/home/mononoke/GitUploads/depth_and_yolov5/final_results/2channel_PIL/00/002285.png', '/home/mononoke/GitUploads/depth_and_yolov5/final_results/2channel_PIL/00/002286.png', '/home/mononoke/GitUploads/depth_and_yolov5/final_results/2channel_PIL/00/002287.png', '/home/mononoke/GitUploads/depth_and_yolov5/final_results/2channel_PIL/00/002288.png', '/home/mononoke/GitUploads/depth_and_yolov5/final_results/2channel_PIL/00/002289.png']","[[-1.03550629e+00 -2.39060057e-02  1.19724444e-03  1.88611600e+02
  -1.35328100e+01  2.06419500e+02  5.10114800e-01  1.99493700e-02
  -8.59875000e-01  1.19690200e-03  9.99713500e-01  2.39037300e-02
   8.60105400e-01 -1.32228300e-02  5.09944800e-01]
 [-1.04029786e+00 -2.40616415e-02  2.44391998e-03  1.87943500e+02
  -1.35205500e+01  2.06803100e+02  5.06012700e-01  1.95158900e-02
  -8.62305300e-01  2.44321000e-03  9.99707500e-01  2.40593200e-02
   8.62522600e-01 -1.42811100e-02  5.05816900e-01]
 [-1.04508960e+00 -2.42169464e-02  3.69168911e-03  1.87275300e+02
  -1.35082800e+01  2.07186700e+02  5.01898400e-01  1.90921500e-02
  -8.64715900e-01  3.69059800e-03  9.99699900e-01  2.42145800e-02
   8.64918700e-01 -1.53445700e-02  5.01677300e-01]
 [-1.04987509e+00 -2.43716822e-02  4.93889596e-03  1.86608000e+02
  -1.34960300e+01  2.07569800e+02  4.97777800e-01  1.86787200e-02
  -8.67103500e-01  4.93740900e-03  9.99690800e-01  2.43692700e-02
   8.67290500e-01 -1.64117200e-02  4.97531600e-01]
 [-1.05466698e+00 -2.45262674e-02  6.18878080e-03  1.85939900e+02
  -1.34837600e+01  2.07953400e+02  4.93640000e-01  1.82745800e-02
  -8.69474400e-01  6.18688000e-03  9.99680100e-01  2.45238100e-02
   8.69644300e-01 -1.74852600e-02  4.93369000e-01]
 [-1.05945285e+00 -2.46803048e-02  7.43814082e-03  1.85272600e+02
  -1.34715000e+01  2.08336500e+02  4.89495900e-01  1.78807900e-02
  -8.71822300e-01  7.43580700e-03  9.99667800e-01  2.46778000e-02
   8.71973900e-01 -1.85623800e-02  4.89200300e-01]
 [-1.06424439e+00 -2.48341512e-02  8.69002494e-03  1.84604500e+02
  -1.34592300e+01  2.08720100e+02  4.85335500e-01  1.74964400e-02
  -8.74153000e-01  8.68723600e-03  9.99653900e-01  2.48316000e-02
   8.74284800e-01 -1.96456200e-02  4.85015500e-01]]"
263,7,"['/home/mononoke/GitUploads/depth_and_yolov5/final_results/2channel_PIL/00/001326.png', '/home/mononoke/GitUploads/depth_and_yolov5/final_results/2channel_PIL/00/001327.png', '/home/mononoke/GitUploads/depth_and_yolov5/final_results/2channel_PIL/00/001328.png', '/home/mononoke/GitUploads/depth_and_yolov5/final_results/2channel_PIL/00/001329.png', '/home/mononoke/GitUploads/depth_and_yolov5/final_results/2channel_PIL/00/001330.png', '/home/mononoke/GitUploads/depth_and_yolov5/final_results/2channel_PIL/00/001331.png', '/home/mononoke/GitUploads/depth_and_yolov5/final_results/2channel_PIL/00/001332.png']","[[ 1.51146623e+00  1.69714435e-02  4.05974576e-02 -5.93117500e+01
  -3.93965900e+00  2.39952600e+02  5.99340100e-02  1.45202300e-02
   9.98096800e-01  4.05804600e-02  9.99032100e-01 -1.69706300e-02
  -9.97377100e-01  4.15203300e-02  5.92867600e-02]
 [ 1.50970192e+00  1.18564273e-02  4.65575183e-02 -5.84305000e+01
  -3.98064100e+00  2.40005900e+02  6.15410200e-02  8.97959300e-03
   9.98064200e-01  4.65374300e-02  9.98846200e-01 -1.18561500e-02
  -9.97019000e-01  4.71769700e-02  6.10521200e-02]
 [ 1.50745262e+00  1.51695008e-02  4.72740964e-02 -5.75611300e+01
  -4.02015400e+00  2.40056500e+02  6.39460400e-02  1.21301800e-02
   9.97879700e-01  4.72510500e-02  9.98767800e-01 -1.51689200e-02
  -9.96834100e-01  4.81208400e-02  6.32940800e-02]
 [ 1.50732055e+00  2.60795968e-02  4.43445176e-02 -5.67019500e+01
  -4.06062700e+00  2.40109100e+02  6.45244500e-02  2.31865400e-02
   9.97646700e-01  4.43149100e-02  9.98677200e-01 -2.60766400e-02
  -9.96931600e-01  4.58931900e-02  6.34115900e-02]
 [ 1.50647166e+00  3.46654903e-02  4.46369020e-02 -5.58539800e+01
  -4.10158300e+00  2.40160000e+02  6.57596300e-02  3.16840900e-02
   9.97332400e-01  4.45952700e-02  9.98403700e-01 -3.46585500e-02
  -9.96838400e-01  4.67554300e-02  6.42417000e-02]
 [ 1.50561775e+00  3.53853726e-02  4.77418686e-02 -5.50029200e+01
  -4.14315400e+00  2.40208900e+02  6.67430200e-02  3.21542700e-02
   9.97252000e-01  4.76938600e-02  9.98235300e-01 -3.53779900e-02
  -9.96629600e-01  4.99240200e-02  6.50916700e-02]
 [ 1.50578021e+00  2.91110714e-02  5.02690794e-02 -5.41511300e+01
  -4.17278200e+00  2.40267600e+02  6.63477200e-02  2.57441400e-02
   9.97464400e-01  5.02266200e-02  9.98313600e-01 -2.91069600e-02
  -9.96531600e-01  5.20304400e-02  6.49427900e-02]]"
276,7,"['/home/mononoke/GitUploads/depth_and_yolov5/final_results/2channel_PIL/00/001391.png', '/home/mononoke/GitUploads/depth_and_yolov5/final_results/2channel_PIL/00/001392.png', '/home/mononoke/GitUploads/depth_and_yolov5/final_results/2channel_PIL/00/001393.png', '/home/mononoke/GitUploads/depth_and_yolov5/final_results/2channel_PIL/00/001394.png', '/home/mononoke/GitUploads/depth_and_yolov5/final_results/2channel_PIL/00/001395.png', '/home/mononoke/GitUploads/depth_and_yolov5/final_results/2channel_PIL/00/001396.png', '/home/mononoke/GitUploads/depth_and_yolov5/final_results/2channel_PIL/00/001397.png']","[[ 1.78563679e+00  4.51567115e-03  6.21672333e-02 -2.10326000e+01
  -5.29901600e+00  2.41835100e+02 -2.12505600e-01  1.76483100e-02
   9.77000500e-01  6.21265600e-02  9.98058000e-01 -4.51565600e-03
  -9.75182800e-01  5.97380600e-02 -2.13189400e-01]
 [ 1.80060732e+00  3.24161452e-03  6.38297511e-02 -2.08749500e+01
  -5.30172400e+00  2.41791000e+02 -2.27128300e-01  1.76800800e-02
   9.73704400e-01  6.37860800e-02  9.97958300e-01 -3.24160900e-03
  -9.71773600e-01  6.13725100e-02 -2.27792300e-01]
 [ 1.81496298e+00  3.50893302e-03  6.36756258e-02 -2.07192700e+01
  -5.30205000e+00  2.41743400e+02 -2.41041200e-01  1.87809800e-02
   9.70333200e-01  6.36322100e-02  9.97967200e-01 -3.50892600e-03
  -9.68426600e-01  6.08986400e-02 -2.41746300e-01]
 [ 1.83042370e+00  4.07684919e-03  6.30572771e-02 -2.05641600e+01
  -5.30230700e+00  2.41692800e+02 -2.55961900e-01  2.01097300e-02
   9.66477700e-01  6.30149700e-02  9.98004200e-01 -4.07683800e-03
  -9.64630800e-01  5.98590300e-02 -2.56718300e-01]
 [ 1.84652665e+00  4.66862465e-03  6.19927641e-02 -2.04100900e+01
  -5.30200500e+00  2.41641000e+02 -2.71448500e-01  2.13503300e-02
   9.62216200e-01  6.19523900e-02  9.98068200e-01 -4.66860800e-03
  -9.60456900e-01  5.83442900e-02 -2.72246800e-01]
 [ 1.86266765e+00  5.40272436e-03  6.07590072e-02 -2.02573700e+01
  -5.29909200e+00  2.41586100e+02 -2.86899700e-01  2.26369900e-02
   9.57693100e-01  6.07207400e-02  9.98140100e-01 -5.40269800e-03
  -9.56034200e-01  5.66017900e-02 -2.87740700e-01]
 [ 1.88059082e+00  8.26625117e-03  5.89976465e-02 -2.01037500e+01
  -5.29193500e+00  2.41524500e+02 -3.03868300e-01  2.58347100e-02
   9.52363700e-01  5.89614100e-02  9.98226000e-01 -8.26615700e-03
  -9.50887800e-01  5.36408700e-02 -3.04852500e-01]]"
275,7,"['/home/mononoke/GitUploads/depth_and_yolov5/final_results/2channel_PIL/00/001385.png', '/home/mononoke/GitUploads/depth_and_yolov5/final_results/2channel_PIL/00/001386.png', '/home/mononoke/GitUploads/depth_and_yolov5/final_results/2channel_PIL/00/001387.png', '/home/mononoke/GitUploads/depth_and_yolov5/final_results/2channel_PIL/00/001388.png', '/home/mononoke/GitUploads/depth_and_yolov5/final_results/2channel_PIL/00/001389.png', '/home/mononoke/GitUploads/depth_and_yolov5/final_results/2channel_PIL/00/001390.png', '/home/mononoke/GitUploads/depth_and_yolov5/final_results/2channel_PIL/00/001391.png']","[[ 1.70352134e+00  2.41359927e-03  5.04353663e-02 -2.20347100e+01
  -5.24831300e+00  2.42112400e+02 -1.32046800e-01  9.06089000e-03
   9.91202100e-01  5.04138400e-02  9.98725500e-01 -2.41359700e-03
  -9.89960600e-01  4.96515800e-02 -1.32335300e-01]
 [ 1.71688101e+00  1.40933948e-03  5.01808780e-02 -2.18432300e+01
  -5.25976600e+00  2.42069500e+02 -1.45312500e-01  8.69411300e-03
   9.89347600e-01  5.01597700e-02  9.98740200e-01 -1.40933900e-03
  -9.88113500e-01  4.94206400e-02 -1.45565500e-01]
 [ 1.73019350e+00  2.64778205e-03  5.15989579e-02 -2.16752300e+01
  -5.26540200e+00  2.42026900e+02 -1.58377000e-01  1.07970400e-02
   9.87319700e-01  5.15758800e-02  9.98665500e-01 -2.64777900e-03
  -9.86030700e-01  5.05025200e-02 -1.58722500e-01]
 [ 1.74433818e+00  5.87676958e-03  5.26004542e-02 -2.15161800e+01
  -5.26784100e+00  2.41984700e+02 -1.72129000e-01  1.48589000e-02
   9.84962400e-01  5.25752900e-02  9.98599600e-01 -5.87673600e-03
  -9.83670400e-01  5.07731100e-02 -1.72669100e-01]
 [ 1.75765223e+00  8.40260873e-03  5.48672518e-02 -2.13572700e+01
  -5.27407000e+00  2.41937100e+02 -1.85038200e-01  1.84314200e-02
   9.82558500e-01  5.48377900e-02  9.98459900e-01 -8.40251000e-03
  -9.81200100e-01  5.23265300e-02 -1.85763900e-01]
 [ 1.77094051e+00  7.25972375e-03  5.90488451e-02 -2.11939700e+01
  -5.29118200e+00  2.41888200e+02 -1.98044300e-01  1.88350500e-02
   9.80012100e-01  5.90129800e-02  9.98230800e-01 -7.25966000e-03
  -9.78415000e-01  5.63956800e-02 -1.98805400e-01]
 [ 1.78563679e+00  4.51567115e-03  6.21672333e-02 -2.10326000e+01
  -5.29901600e+00  2.41835100e+02 -2.12505600e-01  1.76483100e-02
   9.77000500e-01  6.21265600e-02  9.98058000e-01 -4.51565600e-03
  -9.75182800e-01  5.97380600e-02 -2.13189400e-01]]"
272,7,"['/home/mononoke/GitUploads/depth_and_yolov5/final_results/2channel_PIL/00/001369.png', '/home/mononoke/GitUploads/depth_and_yolov5/final_results/2channel_PIL/00/001370.png', '/home/mononoke/GitUploads/depth_and_yolov5/final_results/2channel_PIL/00/001371.png', '/home/mononoke/GitUploads/depth_and_yolov5/final_results/2channel_PIL/00/001372.png', '/home/mononoke/GitUploads/depth_and_yolov5/final_results/2channel_PIL/00/001373.png', '/home/mononoke/GitUploads/depth_and_yolov5/final_results/2channel_PIL/00/001374.png', '/home/mononoke/GitUploads/depth_and_yolov5/final_results/2channel_PIL/00/001375.png']","[[ 1.53377018e+00  1.82504429e-02  3.08627190e-02 -2.76821200e+01
  -5.02589100e+00  2.42432000e+02  3.75628100e-02  1.70859500e-02
   9.99148200e-01  3.08526800e-02  9.99357300e-01 -1.82494300e-02
  -9.98817800e-01  3.15118900e-02  3.70115200e-02]
 [ 1.54147943e+00  1.86215060e-02  3.06815741e-02 -2.72063400e+01
  -5.04151900e+00  2.42453700e+02  2.98698700e-02  1.77044500e-02
   9.99397000e-01  3.06714400e-02  9.99356000e-01 -1.86204300e-02
  -9.99083100e-01  3.12091200e-02  2.93076200e-02]
 [ 1.54973635e+00  1.80405778e-02  3.23452421e-02 -2.67471700e+01
  -5.05316800e+00  2.42468900e+02  2.16306700e-02  1.73451300e-02
   9.99615600e-01  3.23343400e-02  9.99314300e-01 -1.80396000e-02
  -9.99243000e-01  3.27121100e-02  2.10549900e-02]
 [ 1.55851840e+00  1.71008422e-02  3.35949705e-02 -2.63009600e+01
  -5.05396800e+00  2.42479200e+02  1.28450100e-02  1.66766800e-02
   9.99778500e-01  3.35837400e-02  9.99289600e-01 -1.71000100e-02
  -9.99353300e-01  3.37959300e-02  1.22758200e-02]
 [ 1.56791277e+00  1.67677552e-02  3.47217388e-02 -2.58721100e+01
  -5.06017000e+00  2.42479300e+02  3.46387600e-03  1.66566900e-02
   9.99855300e-01  3.47098800e-02  9.99256700e-01 -1.67669700e-02
  -9.99391400e-01  3.47629300e-02  2.88315100e-03]
 [ 1.57735445e+00  1.70099691e-02  3.51201280e-02 -2.54602600e+01
  -5.07017700e+00  2.42473300e+02 -5.95681100e-03  1.72285600e-02
   9.99833900e-01  3.51078300e-02  9.99238800e-01 -1.70091500e-02
  -9.99365700e-01  3.50006700e-02 -6.55713200e-03]
 [ 1.58681603e+00  1.62666374e-02  3.59419336e-02 -2.50640200e+01
  -5.07954000e+00  2.42465800e+02 -1.54242400e-02  1.68289600e-02
   9.99739400e-01  3.59294400e-02  9.99221900e-01 -1.62659200e-02
  -9.99235200e-01  3.56691800e-02 -1.60169000e-02]]"
650,7,"['/home/mononoke/GitUploads/depth_and_yolov5/final_results/2channel_PIL/00/003246.png', '/home/mononoke/GitUploads/depth_and_yolov5/final_results/2channel_PIL/00/003247.png', '/home/mononoke/GitUploads/depth_and_yolov5/final_results/2channel_PIL/00/003248.png', '/home/mononoke/GitUploads/depth_and_yolov5/final_results/2channel_PIL/00/003249.png', '/home/mononoke/GitUploads/depth_and_yolov5/final_results/2channel_PIL/00/003250.png', '/home/mononoke/GitUploads/depth_and_yolov5/final_results/2channel_PIL/00/003251.png', '/home/mononoke/GitUploads/depth_and_yolov5/final_results/2channel_PIL/00/003252.png']","[[ 3.08015188e+00 -3.89734584e-02  5.10544001e-02  1.49012000e+02
  -1.33348300e+01  2.44059600e+02 -9.96934700e-01  4.85465900e-02
   6.13554900e-02  5.09934700e-02  9.97938600e-01  3.89635900e-02
  -5.93374600e-02  4.19728800e-02 -9.97355100e-01]
 [ 3.07924900e+00 -4.03520803e-02  4.75724043e-02  1.49071400e+02
  -1.33272900e+01  2.43207100e+02 -9.97047700e-01  4.49515300e-02
   6.22525600e-02  4.75157500e-02  9.98055500e-01  4.03411300e-02
  -6.03181100e-02  4.31800000e-02 -9.97244800e-01]
 [ 3.07796665e+00 -3.96180350e-02  4.83626848e-02  1.49120900e+02
  -1.33195700e+01  2.42376200e+02 -9.96931500e-01  4.57305700e-02
   6.35331900e-02  4.83059000e-02  9.98047000e-01  3.96076700e-02
  -6.15978200e-02  4.25551500e-02 -9.97193400e-01]
 [ 3.07629275e+00 -4.13818113e-02  4.43793688e-02  1.49177500e+02
  -1.33118400e+01  2.41565300e+02 -9.97006000e-01  4.15733600e-02
   6.51976400e-02  4.43268200e-02  9.98160100e-01  4.13700000e-02
  -6.33577900e-02  4.41361400e-02 -9.97014400e-01]
 [ 3.07486940e+00 -4.62753086e-02  3.69598604e-02  1.49239900e+02
  -1.33044700e+01  2.40772900e+02 -9.97207400e-01  3.37870700e-02
   6.66023700e-02  3.69118900e-02  9.98247300e-01  4.62587900e-02
  -6.49226800e-02  4.85880100e-02 -9.96706600e-01]
 [ 3.07247122e+00 -5.42384510e-02  3.40217945e-02  1.49300100e+02
  -1.32909400e+01  2.39994300e+02 -9.97162200e-01  3.01919400e-02
   6.89648400e-02  3.39652100e-02  9.97951600e-01  5.42118600e-02
  -6.71868100e-02  5.64004100e-02 -9.96145000e-01]
 [ 3.06957115e+00 -5.83216802e-02  3.44773878e-02  1.49354100e+02
  -1.32878400e+01  2.39240800e+02 -9.96959500e-01  3.01892700e-02
   7.18369100e-02  3.44119500e-02  9.97706500e-01  5.82886200e-02
  -6.99124500e-02  6.05834300e-02 -9.95711700e-01]]"
653,7,"['/home/mononoke/GitUploads/depth_and_yolov5/final_results/2channel_PIL/00/003260.png', '/home/mononoke/GitUploads/depth_and_yolov5/final_results/2channel_PIL/00/003261.png', '/home/mononoke/GitUploads/depth_and_yolov5/final_results/2channel_PIL/00/003262.png', '/home/mononoke/GitUploads/depth_and_yolov5/final_results/2channel_PIL/00/003263.png', '/home/mononoke/GitUploads/depth_and_yolov5/final_results/2channel_PIL/00/003264.png', '/home/mononoke/GitUploads/depth_and_yolov5/final_results/2channel_PIL/00/003265.png', '/home/mononoke/GitUploads/depth_and_yolov5/final_results/2channel_PIL/00/003266.png']","[[ 3.06261306e+00 -6.16907781e-02  2.12791730e-02  1.49788500e+02
  -1.32038800e+01  2.34085500e+02 -9.96760600e-01  1.63481600e-02
   7.87474200e-02  2.12370900e-02  9.97871700e-01  6.16516500e-02
  -7.75719300e-02  6.31242900e-02 -9.94986300e-01]
 [ 3.06914918e+00 -6.08658555e-02  1.84790389e-02  1.49831600e+02
  -1.31903200e+01  2.33536700e+02 -9.97288200e-01  1.40275000e-02
   7.22460900e-02  1.84437700e-02  9.97977800e-01  6.08282800e-02
  -7.12467200e-02  6.19958100e-02 -9.95530200e-01]
 [ 3.07709058e+00 -5.77260471e-02  1.66739155e-02  1.49863300e+02
  -1.31735900e+01  2.33007600e+02 -9.97843800e-01  1.29201700e-02
   6.43499900e-02  1.66453700e-02  9.98195500e-01  5.76939900e-02
  -6.34884500e-02  5.86407100e-02 -9.96258200e-01]
 [ 3.08764228e+00 -5.46732790e-02  1.29237200e-02  1.49888300e+02
  -1.31608500e+01  2.32499000e+02 -9.98499800e-01  9.95804700e-03
   5.38436300e-02  1.29040500e-02  9.98422400e-01  5.46460400e-02
  -5.32145100e-02  5.52588500e-02 -9.97052900e-01]
 [ 3.10307389e+00 -5.42344438e-02  8.99885492e-03  1.49906300e+02
  -1.31492300e+01  2.32004900e+02 -9.99236600e-01  6.90463000e-03
   3.84526200e-02  8.98550200e-03  9.98489200e-01  5.42078600e-02
  -3.80202400e-02  5.45119800e-02 -9.97789000e-01]
 [ 3.12227245e+00 -5.54146599e-02  6.63425736e-03  1.49905500e+02
  -1.31352500e+01  2.31522500e+02 -9.99798500e-01  5.56297600e-03
   1.92893500e-02  6.62402500e-03  9.98443000e-01  5.53863000e-02
  -1.89512000e-02  5.55029100e-02 -9.98278600e-01]
 [-3.13710032e+00 -5.70546023e-02  9.81985908e-03  1.49886700e+02
  -1.31187500e+01  2.31066100e+02 -9.99939200e-01  1.00757500e-02
  -4.48501100e-03  9.80372300e-03  9.98324700e-01  5.70236500e-02
   5.05205300e-03  5.69762000e-02 -9.98362700e-01]]"
654,7,"['/home/mononoke/GitUploads/depth_and_yolov5/final_results/2channel_PIL/00/003266.png', '/home/mononoke/GitUploads/depth_and_yolov5/final_results/2channel_PIL/00/003267.png', '/home/mononoke/GitUploads/depth_and_yolov5/final_results/2channel_PIL/00/003268.png', '/home/mononoke/GitUploads/depth_and_yolov5/final_results/2channel_PIL/00/003269.png', '/home/mononoke/GitUploads/depth_and_yolov5/final_results/2channel_PIL/00/003270.png', '/home/mononoke/GitUploads/depth_and_yolov5/final_results/2channel_PIL/00/003271.png', '/home/mononoke/GitUploads/depth_and_yolov5/final_results/2channel_PIL/00/003272.png']","[[-3.13710032e+00 -5.70546023e-02  9.81985908e-03  1.49886700e+02
  -1.31187500e+01  2.31066100e+02 -9.99939200e-01  1.00757500e-02
  -4.48501100e-03  9.80372300e-03  9.98324700e-01  5.70236500e-02
   5.05205300e-03  5.69762000e-02 -9.98362700e-01]
 [-3.11001144e+00 -5.70324664e-02  1.56095435e-02  1.49838700e+02
  -1.31023600e+01  2.30619900e+02 -9.99351500e-01  1.74007700e-02
  -3.15246200e-02  1.55835300e-02  9.98252400e-01  5.70015500e-02
   3.24613900e-02  5.64733100e-02 -9.97876200e-01]
 [-3.07767164e+00 -5.53465648e-02  1.61361471e-02  1.49789400e+02
  -1.30907000e+01  2.30194100e+02 -9.97770900e-01  1.96356100e-02
  -6.37796800e-02  1.61107400e-02  9.98338800e-01  5.53183100e-02
   6.47599300e-02  5.41674500e-02 -9.96429600e-01]
 [-3.04028083e+00 -5.51718194e-02  1.45780075e-02  1.49728600e+02
  -1.30800700e+01  2.29773800e+02 -9.94685400e-01  2.00793100e-02
  -1.00984700e-01  1.45553100e-02  9.98372300e-01  5.51438300e-02
   1.01927500e-01  5.33808900e-02 -9.93358500e-01]
 [-3.00153414e+00 -5.59889476e-02  1.40692597e-02  1.49635100e+02
  -1.30675500e+01  2.29344100e+02 -9.90000000e-01  2.17422700e-02
  -1.39382300e-01  1.40467500e-02  9.98334200e-01  5.59597000e-02
   1.40366800e-01  5.34422200e-02 -9.88656200e-01]
 [-2.96153354e+00 -5.64163551e-02  1.89012348e-02  1.49526900e+02
  -1.30510700e+01  2.28940600e+02 -9.83466600e-01  2.86908500e-02
  -1.78802800e-01  1.88700400e-02  9.98230700e-01  5.63864300e-02
   1.80104200e-01  5.20801500e-02 -9.82267800e-01]
 [-2.92041270e+00 -5.50701624e-02  2.47649519e-02  1.49399000e+02
  -1.30317900e+01  2.28552100e+02 -9.75041100e-01  3.62307200e-02
  -2.19048400e-01  2.47248800e-02  9.98177800e-01  5.50423300e-02
   2.20643500e-01  4.82525800e-02 -9.74160200e-01]]"
267,7,"['/home/mononoke/GitUploads/depth_and_yolov5/final_results/2channel_PIL/00/001346.png', '/home/mononoke/GitUploads/depth_and_yolov5/final_results/2channel_PIL/00/001347.png', '/home/mononoke/GitUploads/depth_and_yolov5/final_results/2channel_PIL/00/001348.png', '/home/mononoke/GitUploads/depth_and_yolov5/final_results/2channel_PIL/00/001349.png', '/home/mononoke/GitUploads/depth_and_yolov5/final_results/2channel_PIL/00/001350.png', '/home/mononoke/GitUploads/depth_and_yolov5/final_results/2channel_PIL/00/001351.png', '/home/mononoke/GitUploads/depth_and_yolov5/final_results/2channel_PIL/00/001352.png']","[[ 1.49561077e+00  2.09376183e-02  5.53888003e-02 -4.26545400e+01
  -4.71494400e+00  2.41018700e+02  7.61553100e-02  1.66865300e-02
   9.96956400e-01  5.53483500e-02  9.98247600e-01 -2.09360900e-02
  -9.95558600e-01  5.67742700e-02  7.50982800e-02]
 [ 1.49437364e+00  2.03591958e-02  5.56382399e-02 -4.18789600e+01
  -4.72835200e+00  2.41088900e+02  7.73589700e-02  1.60212600e-02
   9.96874600e-01  5.55980100e-02  9.98245600e-01 -2.03577900e-02
  -9.95451800e-01  5.69990900e-02  7.63325000e-02]
 [ 1.49298230e+00  2.04453733e-02  5.54348578e-02 -4.11185700e+01
  -4.73733700e+00  2.41162000e+02  7.87454200e-02  1.60437200e-02
   9.96765700e-01  5.53948900e-02  9.98255200e-01 -2.04439500e-02
  -9.95354400e-01  5.68255800e-02  7.77192800e-02]
 [ 1.49195718e+00  2.03722779e-02  5.31737027e-02 -4.03747600e+01
  -4.75143200e+00  2.41236000e+02  7.97255200e-02  1.60930300e-02
   9.96687000e-01  5.31376200e-02  9.98379400e-01 -2.03708700e-02
  -9.95399500e-01  5.45856400e-02  7.87411600e-02]
 [ 1.49099064e+00  2.00670772e-02  5.01465686e-02 -3.96490200e+01
  -4.76996300e+00  2.41312800e+02  8.06234000e-02  1.59806500e-02
   9.96616500e-01  5.01154600e-02  9.98541800e-01 -2.00657300e-02
  -9.95483900e-01  5.15636500e-02  7.97049500e-02]
 [ 1.48987020e+00  2.08234744e-02  4.72768253e-02 -3.89398500e+01
  -4.79317600e+00  2.41384600e+02  8.17283200e-02  1.69103000e-02
   9.96511200e-01  4.72489700e-02  9.98666100e-01 -2.08219700e-02
  -9.95534000e-01  4.87858600e-02  8.08203000e-02]
 [ 1.48895932e+00  2.17277190e-02  4.37874122e-02 -3.82441200e+01
  -4.80164600e+00  2.41461500e+02  8.26151800e-02  1.80542500e-02
   9.96418000e-01  4.37630900e-02  9.98805700e-01 -2.17260100e-02
  -9.95620100e-01  4.54012200e-02  8.17264000e-02]]"
659,7,"['/home/mononoke/GitUploads/depth_and_yolov5/final_results/2channel_PIL/00/003289.png', '/home/mononoke/GitUploads/depth_and_yolov5/final_results/2channel_PIL/00/003290.png', '/home/mononoke/GitUploads/depth_and_yolov5/final_results/2channel_PIL/00/003291.png', '/home/mononoke/GitUploads/depth_and_yolov5/final_results/2channel_PIL/00/003292.png', '/home/mononoke/GitUploads/depth_and_yolov5/final_results/2channel_PIL/00/003293.png', '/home/mononoke/GitUploads/depth_and_yolov5/final_results/2channel_PIL/00/003294.png', '/home/mononoke/GitUploads/depth_and_yolov5/final_results/2channel_PIL/00/003295.png']","[[-2.03389121e+00 -6.02274734e-02 -7.39486997e-03  1.44068000e+02
  -1.25968700e+01  2.23310600e+02 -4.47105200e-01  5.05465100e-02
  -8.93052100e-01 -7.38139500e-03  9.98159600e-01  6.01910700e-02
   8.94450900e-01  3.35037100e-02 -4.45909200e-01]
 [-1.98508688e+00 -6.08571193e-02 -7.95816774e-03  1.43556900e+02
  -1.25613000e+01  2.23139100e+02 -4.02971000e-01  5.24691300e-02
  -9.13707500e-01 -7.94335100e-03  9.98117100e-01  6.08195600e-02
   9.15178200e-01  3.17664200e-02 -4.01795400e-01]
 [-1.93778819e+00 -6.14766875e-02 -7.15354410e-03  1.43010800e+02
  -1.25274200e+01  2.22963900e+02 -3.59210300e-01  5.47786500e-02
  -9.31647600e-01 -7.13996900e-03  9.98085300e-01  6.14379700e-02
   9.33229300e-01  2.87210900e-02 -3.58131400e-01]
 [-1.89233496e+00 -6.32999913e-02 -9.99702252e-03  1.42464100e+02
  -1.24993900e+01  2.22821900e+02 -3.16611000e-01  5.68535000e-02
  -9.46850200e-01 -9.97683400e-03  9.97947300e-01  6.32577300e-02
   9.48503000e-01  2.94746600e-02 -3.15393800e-01]
 [-1.85131285e+00 -6.12714606e-02 -1.55366790e-02  1.41904100e+02
  -1.24740400e+01  2.22690300e+02 -2.77732800e-01  5.45313800e-02
  -9.59109400e-01 -1.55069000e-02  9.98003000e-01  6.12331300e-02
   9.60533200e-01  3.18792600e-02 -2.76332500e-01]
 [-1.81477067e+00 -5.56006896e-02 -1.74463144e-02  1.41316600e+02
  -1.24420500e+01  2.22568700e+02 -2.42465200e-01  4.97039600e-02
  -9.68886100e-01 -1.74184700e-02  9.98302700e-01  5.55720500e-02
   9.70003700e-01  3.03508100e-02 -2.41187900e-01]
 [-1.78281140e+00 -5.02660837e-02 -1.54050766e-02  1.40719800e+02
  -1.24093300e+01  2.22477600e+02 -2.11162000e-01  4.58724800e-02
  -9.76374100e-01 -1.53850100e-02  9.98618400e-01  5.02449200e-02
   9.77330000e-01  2.56313400e-02 -2.10164500e-01]]"
265,7,"['/home/mononoke/GitUploads/depth_and_yolov5/final_results/2channel_PIL/00/001336.png', '/home/mononoke/GitUploads/depth_and_yolov5/final_results/2channel_PIL/00/001337.png', '/home/mononoke/GitUploads/depth_and_yolov5/final_results/2channel_PIL/00/001338.png', '/home/mononoke/GitUploads/depth_and_yolov5/final_results/2channel_PIL/00/001339.png', '/home/mononoke/GitUploads/depth_and_yolov5/final_results/2channel_PIL/00/001340.png', '/home/mononoke/GitUploads/depth_and_yolov5/final_results/2channel_PIL/00/001341.png', '/home/mononoke/GitUploads/depth_and_yolov5/final_results/2channel_PIL/00/001342.png']","[[ 1.50668967e+00  2.51875815e-02  5.34774495e-02 -5.07962100e+01
  -4.33223700e+00  2.40470800e+02  6.53146000e-02  2.16729700e-02
   9.97629400e-01  5.34350100e-02  9.98253700e-01 -2.51849200e-02
  -9.96432900e-01  5.49532600e-02  6.40424400e-02]
 [ 1.50606181e+00  2.53766325e-02  5.56420535e-02 -4.99602600e+01
  -4.37667100e+00  2.40516300e+02  6.59973800e-02  2.16839800e-02
   9.97584200e-01  5.55954400e-02  9.98130900e-01 -2.53739100e-02
  -9.96269700e-01  5.71357300e-02  6.46684900e-02]
 [ 1.50467130e+00  2.20404141e-02  5.50621087e-02 -4.91273900e+01
  -4.42156400e+00  2.40564300e+02  6.71869400e-02  1.83206400e-02
   9.97572200e-01  5.50209200e-02  9.98241900e-01 -2.20386300e-02
  -9.96222100e-01  5.63680400e-02  6.60608000e-02]
 [ 1.50361387e+00  1.95130576e-02  5.37407807e-02 -4.82997300e+01
  -4.46489100e+00  2.40614300e+02  6.80807300e-02  1.58337100e-02
   9.97554200e-01  5.37046900e-02  9.98366200e-01 -1.95118200e-02
  -9.96233300e-01  5.49017000e-02  6.71191500e-02]
 [ 1.50252682e+00  2.05943853e-02  5.36404813e-02 -4.74783000e+01
  -4.50414300e+00  2.40661600e+02  6.92198900e-02  1.68579900e-02
   9.97459000e-01  5.36033900e-02  9.98349900e-01 -2.05929300e-02
  -9.96160200e-01  5.48926100e-02  6.82020200e-02]
 [ 1.50144160e+00  2.37012475e-02  5.34147019e-02 -4.66658700e+01
  -4.53866700e+00  2.40712700e+02  7.04625500e-02  1.99085000e-02
   9.97315800e-01  5.33743100e-02  9.98293300e-01 -2.36990300e-02
  -9.96085400e-01  5.49009200e-02  6.92796800e-02]
 [ 1.50057399e+00  2.57840357e-02  5.44005547e-02 -4.58572600e+01
  -4.57170300e+00  2.40770600e+02  7.14592200e-02  2.18644800e-02
   9.97203900e-01  5.43556500e-02  9.98188700e-01 -2.57811800e-02
  -9.95961300e-01  5.60459500e-02  7.01413200e-02]]"
661,7,"['/home/mononoke/GitUploads/depth_and_yolov5/final_results/2channel_PIL/00/003300.png', '/home/mononoke/GitUploads/depth_and_yolov5/final_results/2channel_PIL/00/003301.png', '/home/mononoke/GitUploads/depth_and_yolov5/final_results/2channel_PIL/00/003302.png', '/home/mononoke/GitUploads/depth_and_yolov5/final_results/2channel_PIL/00/003303.png', '/home/mononoke/GitUploads/depth_and_yolov5/final_results/2channel_PIL/00/003304.png', '/home/mononoke/GitUploads/depth_and_yolov5/final_results/2channel_PIL/00/003305.png', '/home/mononoke/GitUploads/depth_and_yolov5/final_results/2channel_PIL/00/003306.png']","[[-1.67556517e+00 -4.70422660e-02 -2.63096178e-03  1.37425000e+02
  -1.22660100e+01  2.22166300e+02 -1.04700000e-01  4.64917600e-02
  -9.93416600e-01 -2.62804800e-03  9.98890200e-01  4.70249200e-02
   9.94500300e-01  7.53425700e-03 -1.04461600e-01]
 [-1.66335376e+00 -4.82013094e-02 -1.14460364e-03  1.36707500e+02
  -1.22319500e+01  2.22122400e+02 -9.24802000e-02  4.78705800e-02
  -9.94563200e-01 -1.14327400e-03  9.98837900e-01  4.81826500e-02
   9.95713800e-01  5.59300300e-03 -9.23179900e-02]
 [-1.65379162e+00 -5.06268646e-02  3.50431112e-03  1.35967800e+02
  -1.21995400e+01  2.22085700e+02 -8.27228200e-02  5.07212400e-02
  -9.95281000e-01  3.49981400e-03  9.98712600e-01  5.06052400e-02
   9.96566400e-01  7.02914700e-04 -8.27938300e-02]
 [-1.64582939e+00 -5.26739538e-02  4.86551955e-03  1.35205500e+02
  -1.21682100e+01  2.22050100e+02 -7.47063500e-02  5.28655600e-02
  -9.95803300e-01  4.85875200e-03  9.98601200e-01  5.26496000e-02
   9.97193700e-01 -9.05096900e-04 -7.48587100e-02]
 [-1.63822405e+00 -5.32346904e-02  1.87201809e-03  1.34423000e+02
  -1.21291500e+01  2.22010200e+02 -6.72771400e-02  5.32146700e-02
  -9.96314200e-01  1.86936500e-03  9.98581600e-01  5.32095500e-02
   9.97732500e-01  1.71731700e-03 -6.72811900e-02]
 [-1.63045329e+00 -4.82820453e-02  3.52821003e-03  1.33621000e+02
  -1.20912500e+01  2.21981100e+02 -5.94512300e-02  4.83874800e-02
  -9.97057800e-01  3.52409100e-03  9.98828400e-01  4.82632900e-02
   9.98224900e-01 -6.44405200e-04 -5.95521000e-02]
 [-1.62324250e+00 -4.43532472e-02  7.86550573e-03  1.32804000e+02
  -1.20594000e+01  2.21961500e+02 -5.20722500e-02  4.46886900e-02
  -9.97643000e-01  7.85768900e-03  9.98985600e-01  4.43387100e-02
   9.98612400e-01 -5.53034500e-03 -5.23705800e-02]]"
312,7,"['/home/mononoke/GitUploads/depth_and_yolov5/final_results/2channel_PIL/00/001576.png', '/home/mononoke/GitUploads/depth_and_yolov5/final_results/2channel_PIL/00/001577.png', '/home/mononoke/GitUploads/depth_and_yolov5/final_results/2channel_PIL/00/001578.png', '/home/mononoke/GitUploads/depth_and_yolov5/final_results/2channel_PIL/00/001579.png', '/home/mononoke/GitUploads/depth_and_yolov5/final_results/2channel_PIL/00/001580.png', '/home/mononoke/GitUploads/depth_and_yolov5/final_results/2channel_PIL/00/001581.png', '/home/mononoke/GitUploads/depth_and_yolov5/final_results/2channel_PIL/00/001582.png']","[[ 1.60572838e+00  1.92881948e-02  3.91981959e-02  5.01619900e+00
  -2.61255400e+00  9.07384100e+01 -3.41427700e-02  2.06290600e-02
   9.99204100e-01  3.91808700e-02  9.99046000e-01 -1.92870000e-02
  -9.98648600e-01  3.84911600e-02 -3.49184600e-02]
 [ 1.60107209e+00  1.66125441e-02  3.86284160e-02  5.61033100e+00
  -2.63231500e+00  9.07104900e+01 -2.96073300e-02  1.77608100e-02
   9.99403800e-01  3.86134800e-02  9.99116100e-01 -1.66117800e-02
  -9.98815500e-01  3.80986200e-02 -3.02669600e-02]
 [ 1.59932683e+00  1.64950571e-02  3.86825068e-02  6.21174500e+00
  -2.65040300e+00  9.06835700e+01 -2.78676800e-02  1.75784600e-02
   9.99457100e-01  3.86676000e-02  9.99116000e-01 -1.64943100e-02
  -9.98863400e-01  3.81869300e-02 -2.85227500e-02]
 [ 1.59875543e+00  1.71686026e-02  4.12160604e-02  6.82146800e+00
  -2.66540800e+00  9.06484300e+01 -2.72246100e-02  1.82983600e-02
   9.99461900e-01  4.11983200e-02  9.99003500e-01 -1.71677600e-02
  -9.98780000e-01  4.07087500e-02 -2.79513400e-02]
 [ 1.59779019e+00  1.78141818e-02  4.49975940e-02  7.44619200e+00
  -2.68172800e+00  9.06185000e+01 -2.61622700e-02  1.90028200e-02
   9.99477100e-01  4.49752700e-02  9.98829200e-01 -1.78132400e-02
  -9.98645400e-01  4.44857100e-02 -2.69863000e-02]
 [ 1.59742565e+00  1.90606537e-02  4.85482453e-02  8.08109000e+00
  -2.70369900e+00  9.05785300e+01 -2.56702000e-02  2.03224400e-02
   9.99463900e-01  4.85203600e-02  9.98640300e-01 -1.90595000e-02
  -9.98492200e-01  4.80050800e-02 -2.66213400e-02]
 [ 1.59801419e+00  1.96645263e-02  5.11226170e-02  8.73117500e+00
  -2.72780500e+00  9.05428400e+01 -2.61745300e-02  2.10209600e-02
   9.99436400e-01  5.10904700e-02  9.98500400e-01 -1.96632600e-02
  -9.98350900e-01  5.05469800e-02 -2.72092400e-02]]"
664,7,"['/home/mononoke/GitUploads/depth_and_yolov5/final_results/2channel_PIL/00/003315.png', '/home/mononoke/GitUploads/depth_and_yolov5/final_results/2channel_PIL/00/003316.png', '/home/mononoke/GitUploads/depth_and_yolov5/final_results/2channel_PIL/00/003317.png', '/home/mononoke/GitUploads/depth_and_yolov5/final_results/2channel_PIL/00/003318.png', '/home/mononoke/GitUploads/depth_and_yolov5/final_results/2channel_PIL/00/003319.png', '/home/mononoke/GitUploads/depth_and_yolov5/final_results/2channel_PIL/00/003320.png', '/home/mononoke/GitUploads/depth_and_yolov5/final_results/2channel_PIL/00/003321.png']","[[-1.60723465e+00 -4.59704271e-02  1.15998751e-02  1.24622700e+02
  -1.17853700e+01  2.21854300e+02 -3.58951200e-02  4.63432200e-02
  -9.98280500e-01  1.15873600e-02  9.98876300e-01  4.59542400e-02
   9.99288300e-01 -9.91789700e-03 -3.63917800e-02]
 [-1.60755876e+00 -3.78227245e-02  1.37630683e-02  1.23649000e+02
  -1.17492000e+01  2.21850000e+02 -3.62306100e-02  3.82904100e-02
  -9.98609700e-01  1.37527900e-02  9.99190100e-01  3.78137100e-02
   9.99248800e-01 -1.23636500e-02 -3.67278700e-02]
 [-1.60752441e+00 -3.77612737e-02  1.62302624e-02  1.22658800e+02
  -1.17206800e+01  2.21839300e+02 -3.61027100e-02  3.83178100e-02
  -9.98613200e-01  1.62179800e-02  9.99155500e-01  3.77523000e-02
   9.99216400e-01 -1.48325200e-02 -3.66936500e-02]
 [-1.60783442e+00 -4.13578168e-02  1.77279469e-02  1.21664000e+02
  -1.16940700e+01  2.21830100e+02 -3.62913700e-02  4.19676000e-02
  -9.98459700e-01  1.77118600e-02  9.98987900e-01  4.13460300e-02
   9.99184200e-01 -1.61840700e-02 -3.69979600e-02]
 [-1.60911121e+00 -4.38341368e-02  1.79248377e-02  1.20663800e+02
  -1.16656100e+01  2.21813400e+02 -3.75145000e-02  4.44674800e-02
  -9.98306200e-01  1.79066600e-02  9.98878900e-01  4.38201000e-02
   9.99135600e-01 -1.62324300e-02 -3.82687100e-02]
 [-1.61158640e+00 -4.87122215e-02  1.91440981e-02  1.19664900e+02
  -1.16320700e+01  2.21789800e+02 -3.98399400e-02  4.94241600e-02
  -9.97983000e-01  1.91202200e-02  9.98630700e-01  4.86929600e-02
   9.99023100e-01 -1.71417200e-02 -4.07303900e-02]
 [-1.61517285e+00 -5.51078764e-02  2.02644882e-02  1.18657200e+02
  -1.15960900e+01  2.21763300e+02 -4.32378600e-02  5.59133700e-02
  -9.97499000e-01  2.02323400e-02  9.98276900e-01  5.50799900e-02
   9.98859900e-01 -1.78001900e-02 -4.42946200e-02]]"
666,7,"['/home/mononoke/GitUploads/depth_and_yolov5/final_results/2channel_PIL/00/003326.png', '/home/mononoke/GitUploads/depth_and_yolov5/final_results/2channel_PIL/00/003327.png', '/home/mononoke/GitUploads/depth_and_yolov5/final_results/2channel_PIL/00/003328.png', '/home/mononoke/GitUploads/depth_and_yolov5/final_results/2channel_PIL/00/003329.png', '/home/mononoke/GitUploads/depth_and_yolov5/final_results/2channel_PIL/00/003330.png', '/home/mononoke/GitUploads/depth_and_yolov5/final_results/2channel_PIL/00/003331.png', '/home/mononoke/GitUploads/depth_and_yolov5/final_results/2channel_PIL/00/003332.png']","[[-1.63052694e+00 -4.84201790e-02  2.03936754e-02  1.13625600e+02
  -1.13993600e+01  2.21625200e+02 -5.86974500e-02  4.95222000e-02
  -9.97046700e-01  2.03683600e-02  9.98620200e-01  4.84012600e-02
   9.98068000e-01 -1.74671600e-02 -5.96251400e-02]
 [-1.63367902e+00 -5.48202114e-02  2.07259471e-02  1.12627300e+02
  -1.13638900e+01  2.21570300e+02 -6.16944600e-02  5.59750600e-02
  -9.96524300e-01  2.06933300e-02  9.98283300e-01  5.47927600e-02
   9.97880500e-01 -1.72409900e-02 -6.27468600e-02]
 [-1.63591346e+00 -6.01799881e-02  2.07650506e-02  1.11631200e+02
  -1.13278900e+01  2.21513800e+02 -6.38109600e-02  6.13543700e-02
  -9.96074200e-01  2.07259700e-02  9.97974500e-01  6.01436700e-02
   9.97746700e-01 -1.68067800e-02 -6.49533300e-02]
 [-1.63754416e+00 -5.74609916e-02  2.07182640e-02  1.10649400e+02
  -1.12937700e+01  2.21433200e+02 -6.54968700e-02  5.86709600e-02
  -9.96126500e-01  2.06825900e-02  9.98135300e-01  5.74293800e-02
   9.97638400e-01 -1.68410200e-02 -6.65882000e-02]
 [-1.63815659e+00 -5.19284315e-02  2.03569349e-02  1.09673500e+02
  -1.12574600e+01  2.21356100e+02 -6.62412500e-02  5.31467600e-02
  -9.96387300e-01  2.03280900e-02  9.98445100e-01  5.19051000e-02
   9.97596500e-01 -1.68163800e-02 -6.72186100e-02]
 [-1.63826468e+00 -4.66130759e-02  2.11285510e-02  1.08702000e+02
  -1.12272000e+01  2.21281600e+02 -6.64199300e-02  4.79041200e-02
  -9.96641200e-01  2.11040300e-02  9.98690800e-01  4.65962000e-02
   9.97568500e-01 -1.79382200e-02 -6.73439500e-02]
 [-1.63887860e+00 -4.10005438e-02  2.30717242e-02  1.07726500e+02
  -1.11999200e+01  2.21225500e+02 -6.70681800e-02  4.24526300e-02
  -9.96844900e-01  2.30502900e-02  9.98893700e-01  4.09890600e-02
   9.97482100e-01 -2.02284900e-02 -6.79725200e-02]]"
667,7,"['/home/mononoke/GitUploads/depth_and_yolov5/final_results/2channel_PIL/00/003332.png', '/home/mononoke/GitUploads/depth_and_yolov5/final_results/2channel_PIL/00/003333.png', '/home/mononoke/GitUploads/depth_and_yolov5/final_results/2channel_PIL/00/003334.png', '/home/mononoke/GitUploads/depth_and_yolov5/final_results/2channel_PIL/00/003335.png', '/home/mononoke/GitUploads/depth_and_yolov5/final_results/2channel_PIL/00/003336.png', '/home/mononoke/GitUploads/depth_and_yolov5/final_results/2channel_PIL/00/003337.png', '/home/mononoke/GitUploads/depth_and_yolov5/final_results/2channel_PIL/00/003338.png']","[[-1.63887860e+00 -4.10005438e-02  2.30717242e-02  1.07726500e+02
  -1.11999200e+01  2.21225500e+02 -6.70681800e-02  4.24526300e-02
  -9.96844900e-01  2.30502900e-02  9.98893700e-01  4.09890600e-02
   9.97482100e-01 -2.02284900e-02 -6.79725200e-02]
 [-1.63835648e+00 -3.53889358e-02  2.37368109e-02  1.06754900e+02
  -1.11758500e+01  2.21166500e+02 -6.66519100e-02  3.68931700e-02
  -9.97094000e-01  2.37197200e-02  9.99092300e-01  3.53815500e-02
   9.97494300e-01 -2.12925300e-02 -6.74665000e-02]
 [-1.63735189e+00 -4.03575321e-02  2.48896758e-02  1.05772700e+02
  -1.11520800e+01  2.21096800e+02 -6.54839700e-02  4.18999300e-02
  -9.96973600e-01  2.48668400e-02  9.98876200e-01  4.03465800e-02
   9.97543700e-01 -2.21495200e-02 -6.64522900e-02]
 [-1.63639892e+00 -4.90557636e-02  2.84167067e-02  1.04789800e+02
  -1.11295800e+01  2.21038600e+02 -6.41388200e-02  5.07734700e-02
  -9.96648500e-01  2.83787000e-02  9.98393700e-01  4.90360900e-02
   9.97537400e-01 -2.51384600e-02 -6.54766800e-02]
 [-1.63521120e+00 -5.19774188e-02  2.85117932e-02  1.03815900e+02
  -1.11024100e+01  2.20977200e+02 -6.28661600e-02  5.36602600e-02
  -9.96578400e-01  2.84694300e-02  9.98243600e-01  5.19540200e-02
   9.97615800e-01 -2.51058600e-02 -6.42834100e-02]
 [-1.63395763e+00 -4.97673822e-02  2.70271897e-02  1.02852200e+02
  -1.10697100e+01  2.20918400e+02 -6.17545900e-02  5.13352400e-02
  -9.96770300e-01  2.69904400e-02  9.98397100e-01  4.97468400e-02
   9.97726300e-01 -2.38311600e-02 -6.30411600e-02]
 [-1.63328563e+00 -4.73860199e-02  3.14199021e-02  1.01892600e+02
  -1.10399300e+01  2.20868000e+02 -6.09326700e-02  4.92143000e-02
  -9.96927900e-01  3.13794700e-02  9.98384500e-01  4.73682900e-02
   9.97648500e-01 -2.83967800e-02 -6.23785500e-02]]"
256,7,"['/home/mononoke/GitUploads/depth_and_yolov5/final_results/2channel_PIL/00/001292.png', '/home/mononoke/GitUploads/depth_and_yolov5/final_results/2channel_PIL/00/001293.png', '/home/mononoke/GitUploads/depth_and_yolov5/final_results/2channel_PIL/00/001294.png', '/home/mononoke/GitUploads/depth_and_yolov5/final_results/2channel_PIL/00/001295.png', '/home/mononoke/GitUploads/depth_and_yolov5/final_results/2channel_PIL/00/001296.png', '/home/mononoke/GitUploads/depth_and_yolov5/final_results/2channel_PIL/00/001297.png', '/home/mononoke/GitUploads/depth_and_yolov5/final_results/2channel_PIL/00/001298.png']","[[ 1.49706413e+00  2.15945582e-02  4.23250304e-02 -8.71348400e+01
  -3.06808700e+00  2.38488000e+02  7.45106000e-02  1.83979600e-02
   9.97050500e-01  4.23025300e-02  9.98871500e-01 -2.15928800e-02
  -9.96322500e-01  4.37866500e-02  7.36482300e-02]
 [ 1.49850434e+00  2.12486693e-02  4.14244741e-02 -8.64862900e+01
  -3.07127700e+00  2.38540100e+02  7.30446800e-02  1.81821900e-02
   9.97162900e-01  4.14032800e-02  9.98916600e-01 -2.12470700e-02
  -9.96468800e-01  4.28377900e-02  7.22127300e-02]
 [ 1.49973508e+00  2.14266884e-02  4.08708988e-02 -8.58189300e+01
  -3.08989200e+00  2.38577400e+02  7.18153800e-02  1.84520400e-02
   9.97247300e-01  4.08501400e-02  9.98935500e-01 -2.14250500e-02
  -9.96581000e-01  4.22763300e-02  7.09851600e-02]
 [ 1.50212038e+00  2.32541259e-02  4.08892655e-02 -8.51395400e+01
  -3.10953000e+00  2.38614700e+02  6.95128700e-02  2.03727000e-02
   9.97373000e-01  4.08668200e-02  9.98894000e-01 -2.32520300e-02
  -9.96743600e-01  4.23757700e-02  6.86034200e-02]
 [ 1.50465001e+00  2.55737064e-02  4.07678484e-02 -8.44434900e+01
  -3.13158100e+00  2.38650800e+02  6.70830800e-02  2.27998600e-02
   9.97486900e-01  4.07432300e-02  9.98842400e-01 -2.55709200e-02
  -9.96915100e-01  4.23562000e-02  6.60764800e-02]
 [ 1.50731513e+00  2.73953958e-02  3.98645815e-02 -8.37365100e+01
  -3.14161700e+00  2.38689000e+02  6.44776600e-02  2.47867900e-02
   9.97611300e-01  3.98390700e-02  9.98830600e-01 -2.73919700e-02
  -9.97123600e-01  4.15100600e-02  6.34147700e-02]
